26371343
25820869
26940741
26184691
24239964
26445831
24845830
24616439
25089837
26006729
23753573
25267362
24123724
25197338
27091127
26102992
24605024
26427460
24736402
26724907
25381126
26582908
26285657
23255130
23612295
25894570
24786547
24674590
25497839
25231290
23871934
26114724
24939742
26130756
23630199
25660408
25204799
26350609
25524013
25394653
24123213
27036118
26597546
26456652
26586221
25486050
26631989
21542965
25947656
26299974
27036552
24704097
25873746
26897636
26192439
22138358
25702531
25555917
24582239
20039925
23880530
22238301
25904597
24934406
26387180
23897760
24319666
24092748
26553210
22735451
25871791
23460275
23928330
26923312
26066567
24807816
24321709
26613412
25670856
24397998
24384367
26239820
24332066
26577380
25205822
26773463
25863786
24768681
24756727
24347171
24217388
22713752
22768254
25350134
23940003
24805944
24268252
25132103
23658023
24446170
