26320998
25425575
26829768
24116191
24462292
26199418
23722159
26440888
25007740
25609843
24981511
27637147
24528868
27696330
26405230
24198409
27125983
27648547
26944200
18321161
26811480
27666593
26343537
27076643
26048136
25297994
24879161
25831530
27863149
27706894
27058035
27889408
25710914
25581829
27694309
25942676
24782340
26590319
23870141
24356864
23707061
24766893
24332024
26048138
23707065
26867174
20663522
26223655
23989956
26355212
27705790
26311870
24743339
26371324
26464144
23722158
26893169
25033909
27154323
25592282
25525240
27334590
24970844
26046437
24269171
26300263
24284630
25914935
17438105
27002845
24332030
27736643
26903602
27477283
26067600
25070851
15969121
17929277
26382862
17340624
27002833
15582712
11495046
26754564
27009954
23722515
26506431
25477253
24723458
24813208
16049171
15054865
12799369
25821216
23258413
23674521
26640548
25855353
15358782
19732020
12456801
14533935
26048137
14698219
26705280
26471009
25765883
12646581
11830555
11039590
25892965
26803624
11441651
15347749
27414497
11438493
26819496
24593816
22688353
11124958
23361940
27043414
23962476
25816762
25517616
23092326
26828392
23647843
26354430
11192575
25972544
10465282
9492053
25517615
9852054
24309426
25002095
25742715
16728727
25012983
25642965
22847723
25963713
23419517
20306832
25701886
27264171
24349538
7615829
25595276
19155316
11598168
27509857
22406745
27707838
27076640
27271801
25002588
7655739
27824940
25525875
9027324
27230542
23157743
27895165
19108733
22800531
24077100
25774715
20043075
22088379
26972769
22160160
26939583
7770635
7588318
16260276
21220053
1405495
26915459
17052998
12670050
14960413
11490236
12435394
20036908
25627810
12438089
7984507
7576943
3018587
10803489
12437575
23747010
12131156
1779968
17172015
16397272
2828116
16160079
3044825
27174148
3755681
25790474
15910593
15887103
16226109
27428429
19762372
14708728
24387268
15602048
10767595
2118538
15217924
8384991
11178984
12242726
23887161
2834189
3146898
11431981
10993440
23085319
1856109
25752600
2097516
2793216
12647216
3474638
2347900
12371140
25240798
26229115
2573279
15956248
3814131
3403545
17873892
12438162
3608978
3693350
26229117
3403722
3473966
15182307
27392950
25525874
27500737
9269895
23929945
11081197
25479797
25753787
11213840
2305832
1704442
10631115
12187268
11198271
27764250
26039443
25816774
27863906
11745681
10486565
26355209
21989450
9273973
18617341
24406862
8364910
10718213
9568077
25686823
11192574
27751656
25468771
24136904
18805740
22180717
2448025
8876222
7937695
25625930
22524667
27312109
10461352
9223673
2109298
25212897
27632933
26982361
26748714
26373573
25811886
26067651
25810395
21768923
25658875
22301491
20607034
7631560
7529022
24119841
1468571
18705773
25655355
17190770
24402737
2890159
19192149
8098784
23566043
10071238
21290211
9379484
19952464
1455308
10974931
22162465
24516563
16794369
25722034
9428382
1575215
16536278
25926247
25325012
1342950
18781279
15466176
23780556
1691194
25337237
23776386
24456861
1683566
1323422
9665483
22740238
17885674
9851558
20693974
20193455
20403035
19373849
12772193
22966261
11598856
1455310
16457154
11261815
16608042
15592663
17505000
12438199
14657947
14668716
10770439
9591731
15965700
15870121
24902845
7999037
1721614
11679947
16855267
9713281
15476441
15979049
15800938
15701827
15980667
10862758
16061558
11358908
15016319
12718440
1400616
11876163
12056636
10931217
10639189
9466151
9646033
11321340
11587555
10699936
2745426
9890273
1712329
9778114
9600600
9701020
9559292
8322614
9351988
1617214
1448885
8630875
8745292
1285276
25939163
2165919
8044300
8305241
2110701
1924359
