26320998
25425575
26829768
24116191
24462292
26199418
23722159
26440888
25007740
25609843
24981511
27637147
24528868
27696330
26405230
24198409
27125983
27648547
26944200
18321161
26811480
27666593
26343537
27076643
26048136
25297994
24879161
25831530
27863149
27706894
27058035
27889408
25710914
25581829
27694309
25942676
24782340
26590319
23870141
24356864
23707061
24766893
24332024
26048138
23707065
26867174
20663522
26223655
23989956
26355212
27705790
26311870
24743339
26371324
26464144
23722158
26893169
25033909
27154323
25592282
25525240
27334590
24970844
26046437
24269171
26300263
24284630
25914935
17438105
27002845
24332030
27736643
26903602
27477283
26067600
25070851
15969121
17929277
26382862
17340624
27002833
15582712
11495046
26754564
27009954
23722515
26506431
25477253
24723458
24813208
16049171
15054865
12799369
25821216
23258413
23674521
26640548
25855353
15358782
19732020
