26944200
27076643
26829768
22834801
23707061
25942676
27666593
24443235
24116191
27154323
27637147
27705945
24284630
25609843
26199418
26608914
27736643
25131990
25425575
26867174
27696330
25892109
27648547
25007740
26067600
27125983
24269171
25033909
23894389
25958206
27002845
27706894
24528868
25831530
26153856
24813208
26903602
24743339
23707065
26464144
26590319
26046437
25592282
22278339
26893169
26300263
17717629
24879161
24332024
24782340
19225567
26412517
23989956
26880576
27694309
17306579
25581829
26506431
25477253
24970844
27009121
24766893
25525240
24753097
26355212
25517616
24356864
25136621
15723172
24332030
15342341
24077100
26471009
27793594
25765883
25742715
26371324
25622194
26151429
21357258
22398079
20103720
26067651
26739548
10753865
27414497
24603700
27857881
14659691
27264171
26048137
25855353
26229115
25517615
26229117
19932135
25753787
26982361
25816762
23962476
23929945
25800355
25240798
25625930
12794056
25642965
26355209
25479797
27392950
27234299
26354430
24593816
23816497
24119841
24136904
11192599
26635619
27895165
26373573
26039443
26237098
25701886
25468771
24309426
27174148
27312109
25002588
27813878
26939583
27043414
26915459
25811886
25525875
27531928
22069258
18805740
18696047
