26371343
25820869
26940741
26184691
24239964
26445831
24845830
24616439
25089837
26006729
23753573
25267362
24123724
25197338
27091127
26102992
24605024
26427460
24736402
26724907
25381126
26582908
26285657
23255130
23612295
25894570
24786547
24674590
25497839
25231290
23871934
26114724
24939742
26130756
23630199
25660408
25204799
26350609
25524013
25394653
24123213
27036118
26597546
26456652
26586221
25486050
26631989
21542965
25947656
26299974
27036552
24704097
25873746
26897636
26192439
22138358
25702531
25555917
24582239
20039925
23880530
22238301
25904597
24934406
26387180
23897760
24319666
24092748
26553210
22735451
25871791
23460275
23928330
26923312
26066567
24807816
24321709
26613412
25670856
24397998
24384367
26239820
24332066
26577380
25205822
26773463
25863786
24768681
24756727
24347171
24217388
22713752
22768254
25350134
23940003
24805944
24268252
25132103
23658023
24446170
24324277
26542134
24898727
26162091
25472739
25520282
26456621
25618825
25849374
25177806
23580653
26987926
26522100
26072468
24620986
24989326
26683311
25534019
24549637
26076706
23287417
25944056
25951976
24966329
25887270
25873199
25393219
24022884
25077841
23451281
22895460
24327412
25411476
24312632
22345154
24802396
26387424
26884329
23902456
24090592
24780170
24949833
26302750
25045067
26001961
25786529
26130157
26551752
22653738
23948354
24307629
23649898
24453373
25273540
23307500
25641609
26815535
27345997
25491368
24923762
24183167
25074424
25385436
24648413
24232252
24931943
23963623
24788136
22897387
24121003
25036750
23791935
25301940
22674886
26028588
26026884
27301199
25762291
25340537
25047539
24613594
25982268
24530222
23852953
23852884
24375542
25525250
24038578
25311359
23041930
23426569
26080816
24527810
24280418
23861021
26691605
21932307
24705302
25441442
25196518
24661257
26455415
25727014
24440802
24504480
25454634
25367160
25135862
26209649
24768975
27484865
26676601
25263550
26806855
22678753
23829223
26797580
25457964
24480513
26239678
23305950
25258312
26511924
26255136
24200714
24563289
25250519
23843329
25298372
26059508
26406898
25733019
26094604
24740926
24740448
24838914
26694615
24519983
24737281
23922292
26112373
22731654
23603003
23867886
25119334
23197864
21627569
23769240
26015544
26840068
22906706
22363814
25931018
26084176
26259779
23249126
25002337
25811991
25458728
25610470
25999518
25377420
25929821
25751085
25915124
26977925
23939048
23846691
26015546
23404501
24637373
25074806
24042128
26255987
26742789
24412195
23351095
25519956
24134124
26274828
22931597
23821546
20711469
26417686
26292329
23792212
23952622
25937371
24101719
25524238
25576384
24861201
22031517
24004950
24560741
26026883
25553348
26571212
24895273
25080381
23715552
25892252
26723917
26840224
25615417
26093180
26687948
26351257
25950719
24667642
24044751
24747991
23712629
23922318
26345388
24521543
23696232
25477174
24974101
25200136
25446531
25206669
26190528
24879426
25593208
25447493
24598818
26416684
24780625
25664506
21770033
24465672
23756999
25946229
24955741
25591772
25335858
24192059
23760504
27377320
26317600
24089415
24286027
24892988
22307056
26524400
24493854
25523141
21425958
25741724
22800282
25421849
26170459
26052346
24752503
22961761
24341592
25387407
24615935
24495215
22237862
24845530
24677652
25527864
25159063
24627557
24158103
26586818
26133243
25145356
23212373
25227700
25168892
25569105
24610122
23863483
23086797
24096155
24818841
23580657
21685889
23051821
23794736
20224970
26069023
25058891
26877219
27273982
26819254
23765957
26389663
25097004
26266544
24814017
22438181
23936178
23294113
24530625
26853975
25941460
25519907
26555777
24316986
21538333
26523849
22949039
26675707
26759123
21446404
20715903
26108678
18988711
23389418
24734955
27534536
26269433
26091100
25819086
22961983
23370908
23807224
24881868
26608863
25748933
25185564
25102378
27890729
23047046
26036698
25692793
25487152
24424206
25863442
21930391
21456900
25936968
25634576
25063286
26395809
25375206
26176320
24641164
27044228
23544950
25720370
24958871
24943736
25979313
26119137
22623371
22889265
24676408
26222054
20032086
20058201
24690677
23611890
23500059
23194456
26206128
21245416
24962410
26771354
24641099
27292615
24232288
25845432
24851717
26458560
26191253
25720369
24433831
26031336
22650022
24560712
24080013
26375799
25230394
22751106
24957598
25713464
25907898
22155494
26473351
25189518
24559483
25697499
27026076
26365191
21244227
26000365
23863198
26483458
25242323
26265008
24480567
22673034
22558203
26159105
26325469
24857501
24474203
20664691
26512833
26607951
24112234
24167319
25335925
23314866
27324070
22912678
24440521
22274911
22722858
24292793
23226281
24039141
22946055
25008112
23378042
25990469
25700729
22364550
25472048
22524217
24859928
24744001
25762293
26168169
25929818
23983591
24115386
24477620
23495120
24123775
25522369
26840225
23256541
26119455
22967807
23592031
25890180
24339907
23054963
23575766
24961819
24926614
26053517
26208454
26713616
26731538
21550417
23271975
24021805
23967228
23468881
24718448
24729538
27154007
20945368
23934151
24024612
22761025
22948967
26797145
23564289
23734062
24353271
20868608
26059426
24519525
24300555
23079999
24734786
21391855
25241748
26771355
24804615
22896004
22074624
23314291
26000487
23394400
24324557
26073521
23729667
24256943
27142253
24690886
25712412
25092289
22589736
23954693
22494164
24681242
25646475
23887628
23299885
25108529
26019226
25391299
19398262
22676300
22429220
23652056
25122686
24931607
24466203
26073001
26304037
23794057
22345007
22095788
25762296
25671819
22951036
22889237
22669664
25804737
22132812
23280602
25124397
23424635
23756947
24021571
18432194
23042286
19026649
20177994
25148369
24318875
23755150
23455320
23248145
23369946
25194508
26744320
23986480
24933592
24505480
25544567
24439414
25564647
25180795
24335647
26086534
23194455
21762983
25801020
23942238
26487432
25572300
25875838
24286031
22547058
22851001
24839204
25190258
24084696
26564201
24361252
25892608
26283078
25770585
21224068
24265312
26592664
21545235
24972090
22985337
23255053
22519755
24380431
26738773
25099890
23460370
26249600
22788986
26059045
23985566
26349971
23231350
24874291
24598668
23410657
21658762
26699487
26115574
24792115
25343994
24449278
23109685
23816659
23127335
23138917
22776744
25144240
23815613
20201681
22592939
26890252
23577087
25723277
25766428
21731500
24445267
25422748
25224161
26278027
20813103
24780879
22860629
23746070
22407918
20175877
23249188
24779365
23613129
25512558
23541943
25524499
24200505
25913222
26804902
25292191
24489122
25595304
25038419
23028048
25801507
23003670
22959840
25141025
25923353
21445247
27027282
24937776
27334488
21468213
20862536
23669640
20718035
25303322
21808982
24751885
25674414
26022506
24887558
24648383
25517991
27625042
26119236
23637338
24703859
22349702
19995872
27459793
23642365
22397640
22987856
24798220
22438249
24166004
24667694
21083428
24412757
22503774
26832399
22131096
24961221
21966410
25251366
25460606
25947418
26156296
23421967
26982723
23925393
24715692
23645011
21139340
25030899
23089476
22931470
26211925
24530979
23702711
25905549
20128659
26689688
24755221
22952393
24172870
22721870
24794444
24496616
23075100
21737789
22899353
25546121
25365581
25761219
25210842
24139759
25152405
24398983
23002246
22605646
26190529
24672751
25437332
24388169
21374762
24595983
23813764
25559585
21712410
21129436
25583108
22706170
22847281
21957033
21671059
24145189
24585688
23765749
26562325
22359950
24803076
26082437
26670951
24802967
22972301
23154415
22178754
23936540
19041780
26885900
26502776
19567677
24517837
27056417
25247782
26581770
18769900
26313863
24033566
22147732
21763622
25218797
26160454
23656529
25010986
26649785
21936705
21148183
26026882
23536570
26154495
25695642
24496671
24477550
24184264
22411734
26737053
23086378
23203475
24037901
26165862
24681886
24026476
26398935
24366621
27153974
27612640
26486457
25817697
24315442
23286225
24256991
23477397
24289566
23954537
24131564
24743997
21396766
22665977
20431496
22284529
27252227
25287338
24008044
25113620
24930853
24704665
24885493
21389672
24281868
22683799
25160731
22070732
20602182
20566704
24668905
25738450
24380814
26086409
21344609
25662604
24224013
27770834
23538640
24909445
22008533
22403689
23141520
24936454
26771496
21226567
22492468
26340528
24123616
26431480
21557295
26159831
23720809
23418163
22696450
25501598
24033427
23724138
23249362
22463994
25005472
24130677
24564300
24492000
23775126
24015231
25186014
21416256
23300662
25888852
25288119
25461905
24969978
20067819
23324457
24634988
25850942
25673530
26086448
26685126
24709321
24172856
24511466
22292891
23343517
24989252
23843298
24610700
21548826
26102500
24554631
26227158
27412844
23081664
23955576
24773074
24381051
21042996
22802953
25533345
24510793
26277621
24784820
24979803
22689653
23050522
22069721
25762294
23406658
25517725
23500643
23037987
24380819
25659159
24070611
22027383
22615918
24849673
21127947
23733538
21521035
22674254
22924642
21898397
24657470
24292792
20594153
