26371343
25820869
26940741
26184691
24239964
26445831
24845830
24616439
25089837
26006729
23753573
25267362
24123724
25197338
27091127
26102992
24605024
26427460
24736402
26724907
25381126
26582908
26285657
23255130
23612295
25894570
24786547
24674590
25497839
25231290
23871934
26114724
24939742
26130756
23630199
25660408
25204799
26350609
25524013
25394653
24123213
27036118
26597546
26456652
26586221
25486050
26631989
21542965
25947656
26299974
27036552
24704097
25873746
26897636
26192439
22138358
25702531
25555917
24582239
20039925
23880530
22238301
25904597
24934406
26387180
23897760
24319666
24092748
26553210
22735451
25871791
23460275
23928330
26923312
26066567
24807816
24321709
26613412
25670856
24397998
24384367
26239820
24332066
26577380
25205822
26773463
25863786
24768681
24756727
24347171
24217388
22713752
22768254
25350134
23940003
24805944
24268252
25132103
23658023
24446170
24324277
26542134
24898727
26162091
25472739
25520282
26456621
25618825
25849374
25177806
23580653
26987926
26522100
26072468
24620986
24989326
26683311
25534019
24549637
26076706
23287417
25944056
25951976
24966329
25887270
25873199
25393219
24022884
25077841
23451281
22895460
24327412
25411476
24312632
22345154
24802396
26387424
26884329
23902456
24090592
24780170
24949833
26302750
25045067
26001961
25786529
26130157
26551752
22653738
23948354
24307629
23649898
24453373
25273540
23307500
25641609
26815535
27345997
25491368
24923762
24183167
25074424
25385436
24648413
24232252
24931943
23963623
24788136
22897387
24121003
25036750
23791935
25301940
22674886
26028588
26026884
27301199
25762291
25340537
25047539
24613594
25982268
24530222
23852953
23852884
24375542
25525250
24038578
25311359
23041930
23426569
26080816
24527810
24280418
23861021
26691605
21932307
24705302
25441442
25196518
24661257
26455415
25727014
24440802
24504480
25454634
25367160
25135862
26209649
24768975
27484865
26676601
25263550
26806855
22678753
23829223
26797580
25457964
24480513
26239678
23305950
25258312
26511924
26255136
24200714
24563289
25250519
23843329
25298372
26059508
26406898
25733019
26094604
24740926
24740448
24838914
26694615
24519983
24737281
23922292
26112373
22731654
23603003
23867886
25119334
23197864
21627569
23769240
26015544
26840068
22906706
22363814
25931018
26084176
26259779
23249126
25002337
25811991
25458728
25610470
25999518
25377420
25929821
25751085
25915124
26977925
23939048
23846691
26015546
23404501
24637373
25074806
24042128
26255987
26742789
24412195
23351095
25519956
24134124
26274828
22931597
23821546
20711469
26417686
26292329
23792212
23952622
25937371
24101719
25524238
25576384
24861201
22031517
24004950
24560741
26026883
25553348
26571212
24895273
25080381
23715552
25892252
26723917
26840224
25615417
26093180
26687948
26351257
25950719
24667642
24044751
24747991
23712629
23922318
26345388
24521543
23696232
25477174
24974101
25200136
25446531
25206669
26190528
24879426
25593208
25447493
24598818
26416684
24780625
25664506
21770033
24465672
23756999
25946229
24955741
25591772
25335858
24192059
23760504
27377320
26317600
24089415
24286027
24892988
22307056
26524400
24493854
25523141
21425958
25741724
22800282
25421849
26170459
26052346
24752503
22961761
24341592
25387407
24615935
24495215
22237862
24845530
24677652
25527864
25159063
24627557
24158103
26586818
26133243
25145356
23212373
25227700
25168892
25569105
24610122
23863483
23086797
24096155
24818841
23580657
21685889
23051821
23794736
20224970
26069023
25058891
26877219
27273982
26819254
23765957
26389663
25097004
26266544
24814017
22438181
23936178
23294113
24530625
26853975
25941460
25519907
26555777
24316986
21538333
26523849
22949039
26675707
26759123
21446404
20715903
26108678
18988711
23389418
24734955
27534536
26269433
26091100
25819086
22961983
23370908
23807224
24881868
26608863
25748933
25185564
25102378
27890729
23047046
26036698
25692793
25487152
24424206
25863442
21930391
21456900
25936968
25634576
25063286
26395809
25375206
26176320
24641164
27044228
23544950
25720370
24958871
24943736
25979313
26119137
22623371
22889265
24676408
26222054
20032086
20058201
24690677
23611890
23500059
23194456
26206128
21245416
24962410
26771354
24641099
27292615
24232288
25845432
24851717
26458560
26191253
25720369
24433831
26031336
22650022
24560712
24080013
26375799
25230394
22751106
24957598
25713464
25907898
22155494
26473351
25189518
24559483
25697499
27026076
26365191
21244227
26000365
23863198
26483458
25242323
26265008
24480567
22673034
22558203
26159105
26325469
