29361988
28975588
28334992
28618990
28948824
28262254
28220294
27531191
27852542
28685598
28209766
29018988
25618857
30092200
27203389
29937271
29793952
30007416
29625897
29760876
29263269
28585679
27037533
25297920
28886122
28940468
28667172
26750135
27683038
29976794
29066503
28533362
29446653
29558821
24821335
24957408
29806091
29963044
26908127
27799464
28214358
28406540
24903589
28077645
28012116
28575250
28107595
28254729
28190616
27927261
26605682
28501118
26554519
28095720
24325234
28934246
24260544
27666593
28346031
27886013
28902841
28043759
27611656
28363908
23751870
25861845
24824718
26804239
24239002
24443235
26608914
27705945
26453556
29546673
22472871
26850182
26408184
24029705
29087318
22699394
25779359
28801534
27076643
26359267
26299616
29945921
25120776
25651748
28284048
28185258
27902332
29215161
25532001
26572539
28095500
29622565
26683597
26556564
24201067
26320998
29367469
28137885
27889408
26154393
29176737
23173843
25262981
28920955
28302203
24662668
27633326
23292839
23271036
25220535
25392232
27058035
29653696
22535963
25275071
24804936
26079001
27092653
25015994
24897131
26829768
25754106
25609843
24465394
22129620
25297994
24375481
22834801
22834795
24741024
26211667
28273161
21483253
27159453
26530374
25754282
24467715
24507880
30135424
26987104
26827125
23153859
21349414
28412547
26869462
23939195
26911943
24277232
23831373
22459152
27637147
26627724
25979268
26199418
24981511
28561881
28921470
26186986
25942676
26510084
26352512
20663522
25180642
23608355
26112162
27109936
23678268
26135933
24116191
25425575
28759028
25822862
25271003
25894842
25664601
22264209
20683736
22227853
28738408
20818262
22706917
21980038
28620207
24084374
25983374
27256431
26440888
19794299
26867174
23423580
29791904
23562218
25501094
22696168
25174455
27355762
26444351
25109259
28194029
26393331
24462292
29156566
25099181
21385481
23573890
25034805
22123459
24742226
22834798
22834794
21671973
26510089
27648547
23190532
28202760
20833163
22992886
21537909
20192923
22481535
28314590
19640932
25958206
30074235
24375395
25572908
25428270
24796622
22723311
27696330
24620384
22645192
27705790
29426904
26811480
20410203
20116404
29298342
19667278
23588348
19237833
21436258
22720672
22646254
22175276
22278339
23916832
28830822
25228025
25077558
20043183
23894389
23206950
21052719
22529895
22343505
21945155
19194732
19896507
22834800
22834796
25012947
22041600
18483175
23426642
23137814
29263110
21080056
21825034
23327100
18547872
19819970
25710914
23374202
24186592
23000312
29322423
21799030
23094948
23072686
22912420
25007740
23722159
19052500
28802127
18802106
18235090
22388654
21362443
22851679
29274006
22779913
20139771
22524436
22415324
22133573
27125983
18591442
25131990
21178786
20662728
29456253
22491939
24622255
23121682
22368921
21304238
26893169
22449227
22303881
21467738
17631319
22649955
21945100
27706894
18321161
19800929
22035982
21918574
20594992
17538521
22139379
23015397
21994954
20729505
20666696
20480408
20538257
29203515
28830732
26223655
24198409
26405230
17765381
22021701
18586978
28939760
20216406
21084851
19520754
18048114
21989216
28416447
23934470
28963528
21633314
20440513
18374882
22893219
21558123
26048138
21490124
25831530
20172008
20625251
18262756
21584496
20514464
20184923
19943077
23722158
21325453
21527812
23707061
19952279
20113265
21574156
28827109
17991725
20600588
17438154
21418832
21044118
18722481
27694309
22361937
17070161
27830700
18537621
28422568
27154323
18771509
19800883
22125107
22674297
29049134
19747727
19706599
28882413
20807312
20602602
21046450
27334590
21115933
21061160
20005907
22834793
19366853
20217257
17718510
20802109
20372113
28446670
29656116
20806183
20806177
19190932
19179339
30209005
26944200
24528868
30134199
20388648
28049540
17389654
17060047
29496741
20087896
21750441
26770773
18973469
29485700
19225567
18832606
26343537
20335134
20139986
29189388
19649596
26300263
18046660
29106411
20006653
28947539
23989956
17717629
21896995
19713831
19544382
19017515
18535098
16442243
17032650
20193177
20730520
28982551
28698384
26048136
27021085
20549561
19760428
21478104
21131937
23707065
19936334
19885814
19845257
26903602
21162758
21088887
17416598
19603184
19370504
19217926
19470624
19372204
26400960
28346446
19675399
17306579
19090560
17438105
17269132
19766330
20960810
28443506
19364668
19337629
19760780
27736643
18271679
18061980
17889508
25033909
19000665
19751140
19176944
18720287
17585539
25864138
17929277
19321999
19028779
18840995
18762462
16919707
