25618857
25297920
27666593
24957408
24821335
24903589
26605682
26554519
27863149
24325234
27705945
24260544
24824718
23751870
27076643
24239002
25861845
24443235
26320998
27889408
26608914
26453556
24029705
22472871
27058035
22699394
26850182
25651748
26359267
26829768
25120776
26299616
25532001
25609843
26572539
25297994
26683597
25942676
27637147
24201067
26556564
26154393
23173843
24662668
25262981
24981511
25220535
23292839
25392232
25275071
22535963
26079001
26199418
25754106
24465394
24804936
21483253
25015994
24897131
22129620
24741024
24375481
22834801
22834795
21349414
24467715
26530374
24116191
23271036
26211667
23939195
25425575
24507880
23831373
23153859
22459152
26627724
26827125
26440888
24277232
26911943
25979268
26510084
23608355
26867174
20663522
25180642
26186986
26112162
24462292
26352512
23678268
20818262
22264209
19794299
20683736
26135933
27648547
26811480
24084374
22706917
22227853
27696330
25822862
25271003
27705790
25894842
25664601
23423580
25983374
22696168
23562218
25109259
25501094
26393331
21385481
22123459
25174455
22834798
22834794
21980038
23573890
25099181
25710914
20833163
21671973
20192923
22992886
25034805
19640932
24742226
22481535
23190532
21537909
23722159
26510089
19237833
25007740
19667278
20116404
25572908
25428270
21436258
24375395
22723311
22645192
20410203
26444351
24796622
25958206
22720672
22646254
22175276
24620384
20043183
27125983
23588348
19194732
22278339
23894389
18547872
19896507
22834800
22834796
22529895
22343505
21945155
25228025
18483175
26893169
21052719
25131990
23426642
23137814
23206950
21080056
21825034
25077558
19819970
27706894
22041600
23374202
25012947
19052500
23327100
26223655
18235090
21799030
18802106
24186592
23916832
23094948
23000312
22388654
23072686
22912420
18591442
26048138
24198409
21362443
20139771
25831530
26405230
22851679
22779913
21178786
18321161
17631319
22524436
22415324
22133573
22491939
17538521
22368921
21304238
20662728
22449227
24622255
22649955
22303881
23121682
23722158
21467738
19800929
17765381
23707061
18048114
22139379
22035982
21918574
21945100
20594992
20538257
20729505
20666696
20480408
18586978
23015397
20216406
19520754
21994954
20440513
18262756
20172008
18374882
21633314
21989216
27830700
24528868
27154323
22893219
17070161
23934470
21558123
17991725
21084851
20514464
27694309
27852542
20625251
20184923
19952279
21325453
21490124
27334590
19943077
20113265
21527812
17438154
20600588
18537621
18771509
21418832
18722481
22125107
26300263
22361937
26944200
19800883
21044118
20602602
19747727
19706599
22021701
21584496
21574156
22674297
21115933
17718510
26048136
20807312
21061160
21046450
20005907
20217257
23989956
26343537
17060047
19366853
20802109
20372113
22834793
19190932
19179339
17389654
23707065
18973469
20388648
26903602
20087896
20139986
16442243
21750441
19649596
19225567
18832606
18046660
25033909
20335134
19713831
19544382
18535098
17717629
20006653
17032650
27736643
27531191
20806183
20806177
21896995
19017515
26770773
20730520
17416598
20193177
27477283
19760428
21478104
21162758
19470624
17306579
20549561
21088887
19845257
19603184
19370504
19217926
19675399
17269132
21131937
19372204
19090560
17438105
24743339
26590319
19364668
16919707
18271679
17889508
26400960
19337629
19760780
24284630
19000665
24879161
17585539
20960810
18061980
19936334
19751140
19321999
19028779
17929277
18755621
19575362
16707514
19885814
19176944
18840995
18762462
18720287
17540723
26464144
17566084
18549351
17599769
26311870
24782340
19906689
18773333
18425512
17340624
19766330
19218352
18635750
18432188
17438153
25864138
25592282
18724010
26046437
18549247
17242462
18535873
18614845
17586073
17379958
17440235
17126925
18269581
19565071
20611009
25525240
18938772
18765956
17940110
17663633
16575760
15966194
19382304
19139212
18981630
18209781
18204237
18329114
15800991
24970844
19237840
24379174
17914093
20334931
24269171
26880576
16188147
17003646
17584963
27026108
19462324
25300178
26754564
27009954
17639060
17510497
16408221
17513802
17704601
17380025
17056132
17259235
17506483
17034504
26067600
16280180
17267111
17034778
17043632
26925113
23870141
26506431
18158567
17918337
17763220
17695453
17146187
18654936
18367602
26355212
14532847
16231013
17121020
16955307
16918946
17608816
16299400
16882565
16297757
25581829
12799369
15869818
16007250
25477253
17767471
16725215
12873792
16556729
17576645
27318634
16612252
17456479
24766893
17116339
12609757
15969121
17160633
27009121
17240364
17274678
17177161
24332024
16033058
25136621
25914935
16450720
16151967
12543286
24356864
27002845
27002833
17026486
15326220
25048197
26892519
12447608
23722515
15302224
16131820
25892109
26382862
16049171
16007257
26153856
12144588
15058997
15942141
21785889
23129699
17290847
14759560
16596203
16357044
16504480
16037709
15544843
15544835
24721733
16432362
14597614
15723172
15582712
15542860
11792908
16445995
16340245
15544838
15342341
23674521
15607489
23846930
15588310
15518886
15474532
14533935
12446227
12017321
24768902
24753097
15472224
16286114
16097033
16273918
12175332
16098367
24813208
15177946
23916146
27886013
27538402
27611656
12358765
15906087
26750135
15992907
15967249
21463431
22767265
15072552
27203389
24671122
27683038
23105094
26804239
15788643
14734634
27037533
26408184
27622037
26908127
15757862
16398409
16086820
15850005
24331778
16515996
25779359
15358782
16424676
16330879
16939951
16792160
16711515
26552046
12902350
22357947
12390337
26668630
15513336
11271371
26640548
12397377
26760117
16483187
12832100
15593463
15337252
15256271
24637240
24846674
16149541
15296477
12812778
26207246
11680266
22790213
11708813
11127976
15104570
12795588
26705280
17993671
12725433
25774921
15028525
14698219
15878222
12646581
26779767
12069452
15054865
15012614
14990610
14749043
25316294
14968443
23939251
25636335
20033364
10781584
15490275
23050666
10792093
11043569
12432071
11069321
15704652
15646836
15462496
15053236
25177680
12441270
12297497
14616890
12459169
16240843
22634234
25326458
14532782
12946776
11259096
12438151
12438143
12438141
12388744
14502430
12242039
11890255
11326706
12208668
12872342
12826904
26371324
11028110
11525735
24042314
14517586
12853358
10660108
12692782
11062327
25765883
25754282
24058100
10737601
11442773
12740022
11129064
11441651
11351350
10713086
12746561
22529686
19785998
11830555
23869129
26209627
12926146
12687271
12534356
12475606
25061940
12364826
10657506
26412517
27633326
27256431
22235431
27799464
27045237
12945223
12747471
12417614
15061392
12456801
12438176
12438152
21030861
27159453
12442257
11377837
12374649
22976928
26987104
25386823
20926765
26869462
12529020
23816467
22874427
20655339
11451958
12165659
10428049
11495046
11342539
26471009
11039590
12045713
27355762
11842082
25294372
11438493
10678772
24788817
12771784
11521446
10197763
25099124
10219624
25899996
12591171
20009010
24731867
11124958
24523932
24310147
11839506
12647777
24054141
25727756
11762357
11396214
11257446
11118474
25918524
12599564
24117859
24589859
10427952
24233056
12375049
11738248
26819496
24701575
11694235
25100382
11396235
11400100
10569138
9684978
12438150
11688460
27092653
11589723
19732020
21184191
11018079
25179321
12438183
21357258
17126478
27109936
25157752
24730473
27126040
25136978
24569081
11438617
26137871
10969809
23361940
12069445
26151429
9541469
26032155
26438383
23242804
21104119
20952611
22688353
26215060
25494129
25028588
26809511
24532383
25960413
27499310
11368099
18541522
27414497
23404855
18049865
23769576
11259451
26403073
22401754
10422891
20103720
10753865
24697032
25986886
25941097
11762355
11684818
11204811
22398079
10467428
12437144
25284366
11820723
11762356
11762344
11499560
11436202
11374802
11288956
10226356
24064537
11192604
11192576
18185531
25944998
25909362
25673877
25550456
22555002
15347749
21214543
22931817
25294889
9294131
23319164
11192581
22718848
11141698
26739548
11589715
10564704
9252409
24723458
11072127
10996422
10875933
11042007
20934461
22111636
24981241
24283273
22355496
25214396
26567709
22584714
22058158
17822762
10570944
18311112
10853035
25070851
21543385
25095873
25076233
24776735
26659616
10465282
25538000
15816026
24493854
25939315
23934599
9809795
10443665
23066308
22415354
9877088
25030860
10828855
26379222
24174286
25848973
17874719
10753675
10807161
25007184
10748130
24518499
9090464
24037217
21431800
24213232
21443864
23962923
9786174
24332030
10235638
11192598
11192594
8996358
21467821
11193826
11192589
10674843
18834877
23475027
10408695
26843220
10609059
26199388
21990378
9085454
24631953
9852054
27124967
18721831
26866366
26321479
8910462
9529003
26771576
10560015
10574253
10527498
26450148
26043148
23171199
26348352
20166136
9792158
10511466
10463986
26245288
20332770
26296884
26071481
24669571
9165053
26100506
23956006
25947577
22937281
22460728
20462442
22998687
22544314
26712785
16301277
24266831
25962093
25956813
9588759
26026152
20217490
19372085
15868919
8866241
8690787
25720085
25858519
20965217
20920534
10363108
25560638
27016982
10364458
16220833
25810338
8910482
22932454
10193936
10102916
25765455
23702300
23688154
9700577
8737408
25171319
26402138
18820233
22572129
22523208
21937287
25040178
9342219
26248153
24583750
9613599
11192596
11192580
11192578
25012983
23514309
26721428
8886273
22251519
22110216
21596486
23223776
19712135
9650885
11192595
11192575
21705951
21551321
10697637
10633300
10102943
22834799
22087794
21975435
21606156
18500827
10778109
19405523
9664908
24679166
24492315
24819501
10633301
10629629
10514916
10506728
25327658
19652998
22336155
20687170
24989916
23363671
9862032
24301337
24888775
24746210
24497580
9272624
9185968
21490831
25098433
23344977
25517873
21914348
25297618
8631342
24603700
14734658
9115255
19260426
9928879
18697842
21574145
9924430
19115997
11095042
21476295
21104344
17922062
24998966
21884005
24405526
24098507
23269537
21574146
23933152
21195131
21088235
23816245
19572232
9105896
23775817
21575412
21321327
23956349
21766506
20938461
23715157
25963713
20714737
9603942
8890977
23845449
21574148
9162202
20807658
20740345
21872447
24004589
23759931
22884259
20668031
10370749
20217454
9693933
22363986
22050388
23499800
22847723
23319495
23129424
25304108
15030526
7615829
18487991
17289672
20213742
19758843
24289577
23418554
23132699
23092326
23769440
23306663
22498090
21792021
21508845
16554546
9492053
23207615
21681278
7586587
7607727
9852066
22984220
23408997
23086978
22965070
9465942
9452263
10719423
23582919
27535559
21545240
15015613
14724070
23694857
22753592
22581684
9681293
9484665
20422910
21628130
22895716
19669861
19588205
24622310
9762950
7646465
9392333
9178349
9327894
19757975
8807025
22554967
22519924
22476379
22169969
17720674
21185877
21131181
8837344
9434119
22997908
22552389
19671882
8770914
19606410
17293489
22741527
22461520
19729855
22524661
19741097
20930149
22124940
19724850
19263527
21995960
17468193
7819258
7891024
18478008
19224238
26375767
22115748
22199130
9253344
17357842
17342745
19135846
8994386
23285762
22408401
21571316
21436186
23252778
20299626
7989592
7844315
17510493
21419473
23302313
27069171
8958782
21791571
19050963
26671974
7535395
7528607
19294493
19058139
9230910
18726606
22487376
21894215
21681444
21626438
26732711
26162406
25063464
17619185
8875217
26675502
26624980
9243525
19041194
26712231
12729362
21623673
25650797
16996572
22669324
9228469
9144622
21595568
21298743
21133821
19571037
19132991
25596870
22504376
20945407
21424939
19047107
27264171
9098789
7655739
18468494
21275766
20573029
25492478
26554117
21401950
21512285
20981253
21417032
26215367
20946316
21209860
20976508
11899258
23402187
22167151
21790250
18452460
21044939
20812018
20634406
25805480
25595276
21131675
20696814
25986887
18344136
19520752
22481559
18570928
24616319
18299943
8040254
19931574
22406745
9049651
16697447
21846868
25885140
25673604
24777267
8553874
20688881
20582553
8611427
25171546
20124939
18398404
9027324
8854841
8954061
18629788
26275285
12686459
20663319
20598039
20153308
19945229
16443729
17997581
20618115
18288401
20492718
21796152
21432335
25201164
16681768
16267782
21073134
24790218
24762141
24320610
18008084
16818183
8163503
17631339
18809948
20403031
20339996
21521715
21176957
20306832
20098451
21271532
24521712
21302637
21053550
20720391
20453548
20203425
20153870
19895660
19765735
24755752
24666455
8137917
20103603
19515193
20026898
27021085
7624058
21046455
20550951
23962544
7807311
24118101
17534949
8800426
8693652
8810736
19933912
24561698
24554450
24210828
24915823
24622084
19878923
23260877
7812799
17766653
8663344
8663339
18469147
23786442
19844156
24165913
17827666
11116123
24186938
24169396
23900743
23668927
19622622
25308015
24713247
23904092
7810329
17614779
24507101
24501999
19636009
19297006
1627556
20456013
17578828
24627925
24081952
8308469
19276065
18425129
12100068
19228882
23846939
21665494
17384274
9037129
19359424
23078886
16997353
19188865
7904334
20632195
19380843
23160483
23635818
8907725
20840816
17123344
22773274
19294494
19022340
24004598
23714977
19081111
17064356
15963270
17134565
17060722
23710921
23582839
19567097
19030935
8777245
19108733
18767028
27271801
23306338
22882663
19569023
19120524
19082448
8058707
20413096
8347621
23324237
22911164
16929153
16861964
8751112
19067852
19020752
7720675
18635155
23234116
22640624
7978886
18563491
7588318
16584808
16569735
20043075
23157743
23010408
8406464
25821216
26580481
27097544
22685263
22733476
18635912
10710286
15564160
22392858
18598074
18205771
15100241
7547218
19799080
15242577
16550587
16208484
18479997
22967448
22583364
22258110
7690365
8364029
18470683
8577930
22301783
22178087
22160160
17672355
26048137
18187231
22800531
15077913
7938707
8175970
18310299
18188867
18156604
22475796
22455855
18295786
16608642
16242134
19188748
17559849
16260276
16254120
8243650
8240272
12584991
18305053
18298335
18261235
18220693
21453481
8319562
18383860
18074379
7602385
17874277
21982248
21495103
14513368
18241569
8041489
17907304
18019702
22321554
21978503
19713711
17553590
21840509
22088379
21668471
8120054
7759505
7595626
17969813
15899778
17599745
22088382
21536694
7770635
7533826
8323758
17630003
21818920
18392460
16005374
17639056
14685697
17155968
15719373
27688729
12767494
7726391
21616002
21334267
27014092
20722529
17462633
20035581
11931350
17240044
21117029
17285592
17052998
7768066
21292124
8563783
7700724
21215102
21215092
21139544
20734175
20712802
17363508
17163401
8306430
17972531
17922051
17853019
17722571
17410413
21574107
21429364
21220053
20211659
15596212
17295682
17263970
12690467
16011043
8850027
7630318
7576943
11819676
11490236
17925731
17378691
17256557
20821402
16728727
15563864
8045783
12656306
17187186
16984375
16955509
10803489
15551743
17276748
23258413
8141763
20677998
20664471
7551295
18045948
15325669
1446605
23768188
23597880
11433614
16917396
20555085
17985422
16831167
8119171
20523322
20518094
12445137
20467219
7747813
1480170
16840918
16603190
20450588
19837865
1438976
15120481
16857014
16794389
20491278
20451070
20303044
20231615
8008631
7984507
7952497
7800852
16918133
16855170
16344325
20203440
20159312
20150247
17146740
20036908
20388374
20297717
20098438
12088924
8266767
8118843
16761630
16601285
16601281
8753302
8082125
22574803
21302640
21161947
20586253
20391980
19855234
16502410
12201220
16543673
16319172
1405495
19838016
19817895
16430217
9658190
16543660
17373716
19657309
11914626
14601146
16397272
17134555
15992921
19618143
8156905
17172015
19694315
16230178
16219686
11021834
14713258
27215920
14553900
1422296
8384991
19781200
19233214
16159442
16444370
16296341
16160079
19238077
19189306
9466982
8171054
8242372
12851216
1597459
8208366
27007694
19155316
19411821
27412340
15910593
15870925
11684955
19575850
19287117
19856664
19489231
16042796
8394383
8344192
7691355
15882754
15871727
19112537
19067905
11582592
18703371
8131084
8147709
8354485
1577173
1349463
7810327
19080351
19010890
18970916
18594844
1817725
1954912
18928879
15794590
15761969
15719376
1304892
16625864
16449819
16381314
16323480
16092671
15661069
15608508
12543171
15693892
11394892
1725220
1856931
2071596
2019597
2005116
1988765
1986917
1856109
2393298
2387256
2189303
2332506
2313983
2294136
2138131
2759035
2547534
2764913
2716945
2473419
3044825
2834189
2445752
3311030
3018587
3007986
3997234
6472366
6693145
16789482
15657590
15602048
15527675
8288164
16613814
16257863
15582597
12533528
10051753
12548493
15598231
1779968
1710890
1996627
1748565
2118538
2387861
2105940
2310766
2316306
2352642
2097516
2513675
2754373
2709813
2645112
3181426
3185567
3282005
3380104
3341449
3295032
3537842
3755681
18448176
15648545
15334702
17960500
8223562
18329908
8460709
12437575
15379952
15363041
17906965
1349007
25911428
25855353
18324381
18211969
15270619
12435394
1959190
18401212
18272838
11231035
15370681
15299198
10604122
12438089
18085595
17896108
15143335
9193726
15217924
15166677
8401564
26356280
26203817
19167937
18365913
18341975
1928557
1671783
1986936
2116438
2571619
2778040
3186720
2448126
2828116
8427030
8310814
12131530
12131156
17583777
9754794
15161793
1901750
2347900
2715290
3146898
3277836
1315401
17436049
14670816
18228498
8420933
17618712
1436476
15027892
15017037
14997482
14986004
14764189
15173916
14759564
17331688
15056231
14764765
1459242
15028450
11891009
15456957
15029262
14742911
14688217
14654928
19762372
9276735
8396420
9522381
14740315
1437706
23887161
15754051
15551804
15237588
11895486
10905589
14655151
12495224
11784782
8144860
14586070
12960094
12949942
16937105
1281127
3360132
3021037
3762065
1518519
17260007
14575578
24510512
24338784
17952631
14608533
14587673
2024450
1769862
2378903
1980678
2789663
3139487
2822006
3525472
3990959
12951637
18179749
17971664
17718130
17486477
8096340
17099980
17033797
23365130
12875941
17331326
17188151
1372966
11685555
17409960
17008290
12771991
12874759
8428619
8448675
8432919
17134566
17100134
17008291
16953241
12920656
12753162
16926634
1607647
12874899
12841608
12746566
17173778
17151568
16981075
16904082
10675658
11459816
7902047
12794056
12733148
12640688
16844446
1511524
8321395
8936795
12657674
12647216
11247395
17069683
16784993
12581564
21644012
23171318
16731397
22296024
14706935
14666728
12708472
12670050
12527716
12588438
1653518
1981998
2345431
2110534
1969355
1972699
2505828
2659973
3403722
3283739
3896848
6599663
6633161
12515971
23110549
1424122
14708728
14531546
12585024
16505869
16430479
12685552
12399130
12397014
2040871
2116326
2333152
2093263
2677156
2533591
2764102
2793524
2475463
3392392
3026846
3977927
16875610
16369483
12438158
12438142
12371140
12242726
12242724
16455465
12450211
16336666
1455014
12514336
12242521
17017452
12410171
12352185
12201876
12176657
12160576
12142735
10364049
16226109
16208618
25752600
12373157
12242522
1508327
1425774
16301178
16133158
12126156
12091348
16140299
16498300
12165666
10233860
10227066
15968252
12084528
15736041
22263388
12497112
16234004
16039179
9891437
9690661
1409533
15956248
15926097
10971617
12096923
10993440
1723893
1623327
16052941
15982332
15906100
12763637
9825477
16019759
10053102
16091183
15826243
15782066
10343136
15887103
12064868
1935773
1717086
1857778
1999159
2188233
2080246
2793216
3257217
6233131
6821132
11870798
15835900
12174956
12051549
11743996
10839615
9915817
1999156
2271933
2177955
2165909
2154264
2808753
2847571
3393289
3142532
3431741
3677182
3117578
3300386
2447696
2877960
6352725
1499046
11745692
11744493
15791486
15666318
15638845
12899227
12365216
12219840
12113580
1424144
15389784
11844054
1603881
1356053
15620717
1737996
27592118
15601318
11598168
11570910
11053914
10834383
15330803
12438149
9296223
9247630
9417686
11579679
11435017
1594480
27085391
11531937
11504836
1483876
15278003
17135987
11417996
11319762
11579680
1413839
1640800
10567198
11422807
11391682
26843588
15480266
15182307
14960413
27733862
15052231
11478272
11383885
11338071
26662809
11342785
15105662
9742865
9610570
11238732
15173926
15026256
11339279
11266390
1681748
1861154
1878943
1723974
2243601
2196817
2365053
2191538
2327736
2573279
2813190
2776319
2510809
2510797
3044573
3383200
2838150
3422758
3608978
3326336
2878021
3947055
6421820
14742580
26556015
8632569
11802946
11170147
25452433
11277422
11237384
9428430
1795880
1710735
1954180
1851827
1999231
1996343
1704442
2118425
2163712
2381869
2322109
1699753
2222401
1980916
2684154
2807986
2556168
2518359
3195602
3403545
3693350
3585342
3474638
3295442
3814131
9617866
15068633
14720139
11762345
11762337
11668250
11496304
11465477
11111016
11178984
7535640
15477709
10461347
10195869
9690663
11147593
26592571
11820641
11762360
11605036
11464871
11407527
11213840
11138979
10913687
14659691
14636264
11119126
14714096
14520475
25728908
10365851
11113749
9851632
9690660
11081197
11016451
12930449
9458138
26229117
26229115
25362640
11030210
14501380
25969602
10915223
12959775
12920154
11083467
10978622
9915830
12816113
25865248
10064392
10029452
19402368
12843921
12771909
10089080
9381910
12815149
12777100
1325178
7599788
12692477
12684421
9870681
10792483
10769043
10767595
10917180
10861438
12646671
9808429
10821485
12558072
10891712
1830771
2305832
2184441
2621838
2570241
2841667
3821867
3473967
6472370
6535341
14870788
14708236
12789943
12749224
10679756
10821486
10777544
10747315
2070778
2080251
2080237
2549534
2536475
3473966
3031742
3718511
12594399
24039147
24944014
25530675
27392950
12447676
11208428
10631115
10607729
26828392
10697270
10676662
12438170
12438164
12438162
12438148
12438140
12383346
12381533
10628803
8126824
11775215
11325035
11029789
10791229
12438175
12438135
10863420
10669990
27141404
17873892
23929945
9663918
12142749
12187268
23553742
12047557
9516400
27428429
24077100
10492040
10449538
12068175
9648160
9516403
10465277
23480324
27231232
9074643
11955650
11854265
23592006
10447001
11895485
12114753
11996239
10405481
25742715
23647843
21554587
10461348
17195086
6639293
10382240
12696573
12452476
12066408
11985070
11940206
22822210
11925716
10657486
12004854
10340047
10213674
26405568
25753787
15239814
11584008
10408155
10398086
11683936
11598859
10332521
11745681
11745679
10209712
10027412
10027398
11192599
11192587
11192585
25622194
8809840
8898415
25240798
10605699
10466437
22676055
11408599
9839592
9930386
9227695
22072103
8861762
24184688
27816419
11388423
17177013
11260312
11263467
11159212
9690535
9679888
9051591
9040447
11478691
11431981
9607783
11170140
21823912
27518027
26875516
9090448
11193482
11762336
11135471
11122006
9273973
26635619
9565340
26342527
11023106
9477293
9705069
10941192
7515533
11035597
7830883
8950595
8899001
10987258
11061606
9779292
9579239
9561567
10919282
27764250
8826857
8772140
9779291
9775116
9690662
9690658
9677464
10888786
27790334
15753467
27500737
10849101
9503473
27339508
27234299
807250
8227526
9341592
9427505
19937852
27076640
27863906
10718213
15910207
10786804
10775773
27110220
9381649
9331893
9652979
9412739
26783943
9284204
9342712
9298877
27043952
26773414
11198271
11192600
11192592
11192584
11192582
11192574
10849732
10757067
27136403
9284203
9269895
10660138
10619262
11192603
11192597
11032679
9236830
26355209
25972544
11869544
10542950
12114688
26353452
25990091
24211728
10468769
9411359
9231061
9167608
9140124
25892965
25791145
25572868
25603899
9041162
9201136
10486565
9135698
10403437
10425538
27887883
27764046
2924120
9252648
9179230
9474867
9071985
22203925
27784972
25730264
27895165
14652811
9167705
9065618
27262585
24338945
10389621
27531928
8013369
25517616
24980114
27444719
8876222
8911964
9026477
25827661
24357575
18290625
10459453
25961196
8918667
23714748
7608164
27381689
27857881
26540632
10746962
10631725
10624122
10491025
10037255
8877646
8914866
26803624
7569754
27026360
26536001
24029798
9868948
1723976
3042370
26503773
8755600
8698312
26675028
7607625
26312221
9868959
26622789
26228535
23085319
9777989
26277673
26137226
23782127
12843690
8670175
8869990
25686823
23759183
9098742
25209134
26354430
17766198
9544266
8847018
25759197
8729979
25547169
1594095
8032980
7507122
8314235
2406199
2535263
25468771
7633892
7720114
9647591
9628755
8672228
8655680
8636288
25800355
7441295
11244965
24915894
24913988
25280658
2329057
9096738
8971922
8850488
8826014
8776825
8776173
24171144
23924724
23257654
25109918
9017169
8777144
8550783
2474244
7503727
27846844
10640177
27743246
7772715
8825061
8558776
7491540
8105157
15678842
9327895
9327893
9327891
27484122
27044258
27796466
27704617
7531932
10461352
9684596
9568077
9327835
27185276
27539256
24593816
25002095
23746483
22859973
8745479
24394859
18577995
17064428
27284429
24164683
1429003
24011584
24117722
9266438
24644466
21770939
26860897
24470823
9204747
8532689
7635445
7543077
7602328
23816497
23927827
8187076
26688704
25625930
7685237
9266079
24427645
18252007
8590163
26617685
26421121
24136904
23962476
8187610
9236831
23083425
2282535
6622754
7773950
7662252
23615455
23484208
23331805
9223673
23001532
25335860
2649074
7541167
9248580
9199667
23354792
23140512
7515371
9422790
1819225
647016
24750447
26221337
7752466
9411367
9176790
25298045
25257107
10920894
26162959
19215458
2345487
7508883
9041192
9184844
22198862
1552186
7532147
7504845
22749579
9094811
9472387
9093146
25941591
7838551
1518561
20951787
8615081
23001299
22119961
9528139
9273978
22281862
7631560
7716284
9402713
9019408
9337533
9213372
22687792
8218367
8307781
7526970
7988266
24814313
9007702
8951495
8989938
22180717
19548273
20592431
7849156
7807712
8876709
27793594
21785870
8364910
24701515
7901360
8907952
8678965
20059307
27813878
27751656
27707838
24251175
24237357
22654796
1806983
8058759
8795589
27509857
27312109
27208455
27174148
8827685
21354952
1717962
3223865
3035984
8731045
27230542
27152119
27824940
27719962
23946762
27010419
26104790
27837709
27801797
7937695
26985236
21264269
21147281
8202489
8732337
8504433
1281222
26939583
8790863
8781995
8736962
27828887
25326532
7929473
21215338
20817146
19026763
27043414
26915459
8084503
8090603
18299720
26417796
26982361
26972769
8456938
21436947
20063187
19355793
26748714
20066413
20676863
27852814
27824701
27309188
26039443
26098004
25962783
25816762
26454760
26373573
7509126
8161494
7512800
27621394
27165480
8554108
25816774
25642965
25486372
9042273
8576153
9101853
25183418
27831589
26182391
20715567
25811886
25790474
25636800
26237098
27759712
8381246
7509563
25578407
20103666
8859607
8180778
8108375
8059597
7698536
25701886
27357549
25479797
26220786
25911539
25735811
25186103
20514823
18838629
27246703
26067651
25525874
25479633
27381533
26658063
26630233
20006904
1455308
1366237
8599471
8275705
8033748
8015978
26035189
25810395
25774715
25627810
8245429
25517615
27272797
20968159
20111709
27124922
25065614
26884312
20514858
8868186
8580509
7494910
27033386
18277365
18261216
19784744
25745514
25658875
24943289
26862851
26482608
25214217
19683286
8594073
1789058
26644387
26198989
25525875
25212897
26298635
27017730
25426160
19152002
26610855
1718318
1708788
1883643
1723830
8105042
1381269
1356907
25002588
24972158
23770018
1702700
2695981
2663612
2469342
3585340
3098831
3486183
24858120
8379530
21528090
23857633
7607717
7557912
18093032
24349389
24875018
17846880
17710527
18987542
26178213
8210519
8105407
7688215
24072721
25185661
7690008
19179901
24524309
26800468
26303702
26266036
19047907
9777979
24309426
19215537
8100808
25884169
7567943
25302328
25051641
23236097
3531101
3902554
4066407
18631531
21887108
26048514
26955987
17407460
24349538
24333817
24309872
17335331
7717451
24752611
27758762
23419517
18754868
2833657
18631532
24119841
1623328
1351370
24402737
8481896
8098784
23910378
8385978
23747010
23524432
15011837
23650984
27324226
7683785
27406449
26753958
7889794
7702985
20589165
24141811
18284937
7686684
7529022
7745235
20607034
1313391
24107881
24476592
23531850
22849884
18184271
26181831
24427368
7694424
7692664
7511265
26971844
8256587
23018610
17849355
9578642
9428382
22750875
23901240
1468571
1279122
16487906
23423517
1976732
2803289
2550590
2479405
2848408
3425562
3664430
3305433
2424864
24043983
23365545
25482929
17505159
25785244
1662236
1685096
2139887
2556086
2464991
3989564
6653794
17332719
24020135
23147119
22372995
21917417
1342962
25493250
21703495
3808026
3808024
4200828
4332104
5515387
5780980
21937734
17980063
19956439
3912673
596880
4399620
4108422
4972178
18050830
17936521
24952997
17054468
8082241
8058711
22038429
21463899
16973270
1323834
1500732
12209687
1351863
22369355
22162465
22800519
25531035
23115069
24379587
21975854
8119718
24440063
20331491
7509485
22300082
21174221
16794369
1575215
8298245
7736536
16520966
24083178
15801333
22177244
23266021
21251762
21698413
7521264
21695806
21590490
1609615
1323422
21764798
21533607
21908338
8220176
20199615
1342949
11747231
21069578
21367373
26155210
8300415
7511421
21243446
16382988
16202863
20415608
7982866
1575013
19939498
22050746
1309744
1371873
1294157
1281512
19572224
9734486
16119810
15662152
15100559
15812824
20720050
15958572
1804424
1700595
2259750
1696069
1982060
1691194
2404624
2182573
1705419
2737164
2568183
2657502
2505443
2460064
2467285
3258015
2845642
2467283
3134611
2890159
3504728
4055903
19856101
1928556
1860185
1913772
1950561
2009628
1907749
1702355
1722678
1717965
1700576
2200185
2109298
1689542
1972145
2566578
2469070
3070510
3361117
2448025
2849230
3669614
3622639
3333318
3504727
3097009
20421108
19364416
14628979
16179808
16001675
15635585
15644774
12874490
22557725
16334754
8390415
20677557
19233365
15566520
7681798
27881473
27848241
27829249
27811856
27677532
27194431
16256542
19952464
27840918
27748940
27729064
27438988
19417627
27766786
27638929
27582247
27406742
27300354
27149964
26341498
27871163
27832806
27771336
27514507
27698175
27682220
27491374
27081013
26895210
26860935
26756755
15382010
15349992
27496009
27262570
27799869
27798332
27632933
27779708
27769070
27635959
27502465
27472443
27293206
27191542
15366578
27447124
27442514
27428222
27330779
27162199
27843513
27689195
27686064
27663565
27646890
8454267
27374450
27303059
12781110
12622307
27601919
27583848
27543451
27523316
27516446
27446458
27370797
27357734
26897113
26846108
26684860
26660687
19525245
10082339
27163832
27105910
27017403
27679548
27442441
27362572
27330774
27150581
27149546
26831301
26847353
15190448
27315791
27306228
27067082
26852732
26804749
19651067
27333734
27033797
26885736
26846574
27380554
27219822
26872300
26596723
18759644
1455310
26886629
26814047
27182117
27112478
26805636
27580541
27530044
27223592
26978235
26912977
26843961
26801079
26580455
27065848
26663886
26631481
26608723
25789961
15000285
26943413
26816894
26623153
26142730
26014153
12544176
27489708
26966374
26928389
26849804
26114478
21655367
21509215
19208078
26805316
26699889
26582328
26531740
26364826
26332504
27840746
27479886
27327559
27161247
26955490
26926300
26852361
26830607
26722082
26646096
26456125
17107689
19261642
12745776
26488030
26293797
26009570
19688980
19248553
19090447
18781279
15003156
26943422
26888509
18426597
1356613
26622444
26360822
26350418
26162396
26116097
25959109
25432768
26805159
15590421
1479146
12172219
26241941
26230601
25851554
14584081
26192435
25783430
25428407
14640987
26403475
26118605
25871623
25435278
26087250
26622589
26600766
26288179
26031603
26022451
25990936
25925290
25646366
17760991
18592274
26027014
25748021
25673289
26171049
25941021
25916394
25808630
17512606
25789004
25655355
25319177
14633455
17636744
26114185
26076344
25917834
25491784
25663934
25398765
25933800
1352316
10940685
25682381
25671432
26462262
25914784
25843456
25146549
18433784
26743299
26613062
26535461
26421956
26248239
26159681
26095011
25993147
25926247
25854335
25751010
25722034
25685590
25670668
25652631
25555631
25432547
25394660
25737221
25546442
25522951
25220031
1501763
12074032
26135103
25565981
25300645
17489712
25886790
25717267
25621051
25376618
25400463
18351689
26680494
26303707
25678898
25662337
25804002
25314924
25282110
25674282
25602483
25499864
25457888
25412645
25039014
12022783
25325012
25293798
25282787
25206300
25206298
24599901
24406862
23817299
12625992
25297671
19263556
25337237
25106541
24876204
24742175
10460660
18182524
25197393
25120472
25072324
25006841
24878267
24735971
24720914
23864436
21735237
17177016
25408662
25400805
25243889
25222024
25074367
23913845
17476083
25326355
24961548
24899097
24829849
24713672
24661849
24456749
18578378
18156975
25081061
25071342
25024816
24873792
24702597
24670962
24447283
14518187
12683352
24944650
25129091
24932236
24932234
24902845
24711543
23645292
25119004
24842012
24817981
24817977
24743286
24520292
24375391
24343986
24885024
24387268
23774746
1515703
17375813
24516563
24512816
24338022
25210238
24456861
24146413
23828549
25520848
25520583
25391706
25105141
24853787
24342177
24316398
24152621
17177015
25119015
1557398
10323481
12518782
24416492
24355456
23566043
24551118
24394748
27605031
1342950
24394092
24196617
23807569
25747609
25506006
25300695
25212248
25136449
24991442
24969996
24965417
24722135
24625609
24377589
24075930
23599414
23891296
23703727
24146108
24006219
17460463
17353515
24116352
23780556
23073523
22144175
24393915
24100729
1353693
17429721
23695201
23408736
24099520
23928185
22197217
24101933
24069222
24046510
23805563
23785438
23519838
23648511
1622149
1364246
16948927
16929808
23761832
23661652
23499801
12049309
11948963
23426118
23414137
23840480
23695357
21987503
1614691
1439565
1370878
1700614
24649157
23537038
22740238
23700456
23691035
23676981
23532186
23246517
22986616
17663384
23641717
23519056
23447517
23266557
24364221
24307956
24171129
24135795
24107160
23959334
23878751
23702868
23613404
23582973
23562903
23465289
23383057
23342303
23233056
22918778
22863147
22672972
23723571
23556064
23530560
23517520
23438439
22981089
22946486
23043903
23036259
23464969
23347914
2044755
1679350
1706302
1986940
1709623
1676846
2121537
2337691
2342483
2404375
2191566
2570692
2525037
2524828
3421328
3348388
2822234
3794705
3944119
3300195
3161180
6653870
6356251
7061498
6190221
7462241
6271544
6935654
23267998
23194346
23050874
22954692
23776386
24431119
24322017
24368955
24062959
23971186
23657299
23653657
23615154
23582972
23573321
23255893
23248251
23202776
23018486
12090339
22928575
22861200
22397895
16820877
22397815
1683566
1690418
2577484
2478437
2477924
2914931
2548031
2499111
3401941
3207946
2827513
3296906
2893508
3756146
3744310
3538649
6375842
6635661
6132328
7056215
7284316
7227306
6941628
23354641
23139656
22782312
22156227
23302331
23268085
23094854
11552553
22930092
22446404
22331657
22864906
16673117
15898964
22198558
23049637
22645227
21433005
21416647
16879748
22660994
22614212
22612506
23316622
22846859
22843918
22824577
22463384
22341351
22222641
11695280
16758309
22344403
22211529
21847708
22779251
22652678
22537003
22515658
15780688
22358181
22301491
21845496
22883587
22524667
22465973
22333672
21990041
22290317
22226390
22111578
22449232
22057239
23339006
23161300
23119202
22988529
22801569
22655045
22474435
22253802
22511908
22293945
10813072
15959662
21965825
21963237
22450836
22261536
22172337
16618209
22069258
21969166
21948491
21383118
23441474
23304081
23050181
22842378
22507901
22490282
22423239
22236613
23788908
22008780
22090704
21873518
20034983
22312997
22136831
21917439
21862681
21841771
21415235
20967573
22022296
21874427
21795361
21424532
21118798
22977625
22246096
22147986
22069259
22009449
21428728
26189633
21921779
21892908
21883697
15660709
16048577
21699569
21656305
22034892
22028564
21874432
21791629
21727064
21584660
21829772
21492197
21415412
21318381
21768923
21388984
2545231
21424799
21801379
21615305
21545819
21490072
15916982
21425138
20675056
18508843
21914343
15383131
16130992
21354956
21256924
21629514
11101630
21290211
20236292
21431499
8692626
22320988
22046305
21224371
19926313
21459341
21398472
21354953
22866065
20947928
15779921
15810952
21191515
21167379
20670215
20088946
11054721
20091894
19932135
22329200
22216035
22164335
22101951
22069099
21989450
21983096
21912092
21744332
21393344
20945073
20823767
15786542
15254846
15991844
10940696
21046315
20339916
20224881
20130879
21084031
19898974
10560230
11023097
22272027
20599218
19800928
16457154
16101186
9258980
20712013
15533230
15592663
21319031
20530158
20857536
20617339
20600637
15513328
15466176
20636794
20572298
20492452
20431921
20144901
19945227
19936639
20814442
20807418
20664475
20230584
15551729
20693974
20554786
20530594
20519641
20412386
15371954
15702568
20632686
20602201
20591162
20548947
20518901
21160597
19706008
14627884
20410811
19995788
19645742
10737487
15292299
20930664
20403035
20398400
20049409
20019050
19737358
20175936
20158890
20154494
10688041
20234360
19224408
21139295
20924166
20698314
20628520
20388395
20205830
20126668
20089903
20065557
20057138
24778825
15048555
14611696
20036287
20033372
20013691
19908063
19816814
19776420
19620250
15010880
21388069
20802441
20733279
20535283
20107963
22966261
19708762
20055189
19948438
19605896
15150129
20193455
20009471
20007099
19926573
19808654
19490568
19961526
19631181
19886987
19861994
19701709
19669229
19507004
20075823
19458024
14657947
10639736
12841995
12635565
19153823
19276060
15077908
19415531
19373849
19644544
19588864
19561636
19358175
19294612
14668716
19408014
19379129
18986301
20111620
19886555
19259828
19197975
19179557
20651962
18617341
19443407
19126567
19284605
19235715
19233580
19341484
19245771
18607778
19400556
19159215
20146876
20041008
19886356
19523383
19437902
19402375
19329858
19317359
19192149
22276015
18985450
19347828
19160361
19017755
18715267
19105129
18995208
18603570
21084850
19642509
19544970
19408082
19402315
19351607
20430739
19089742
19037819
18332901
18983682
18703061
19475889
19088697
19041003
18805740
18755746
18410271
19157149
18757701
18657193
18618495
18696047
18662970
18641186
18485685
18417531
19024610
18807141
18779618
18524798
18221396
9699972
18597210
18437677
18705773
18547617
18646630
18533928
18516757
18392627
18308466
12649195
18438726
18506939
18487493
18567806
18520232
18277901
7937328
7839826
18460631
18439943
19669289
18227731
18071756
17941930
17717663
17316966
9987648
9930584
11816320
18424830
18193278
19323093
19081855
18984960
18792630
18638353
18500000
18335403
17900565
17884937
17611764
12438174
18323171
18291348
18005393
21129301
18063082
18057384
18000346
17306443
8813468
18538946
18415666
18374498
21479396
18190827
18067641
18025811
17998918
17952858
17717420
17637748
17990362
17951193
17879273
18084138
17960512
17979564
17845625
9851558
17885674
17605018
17766705
17706959
17960501
17636326
17610478
17562539
17541711
18457032
17917000
17702184
17696832
17666356
17874722
17784816
17699847
17686142
12142876
17847934
17553900
17961653
17405842
17675816
17598976
17456301
17550389
17505000
17491091
17335582
17320626
7603045
17355632
17244622
18247165
18040626
17708366
17485914
17454947
17426390
17369680
17203357
17190770
11437800
17345775
17302572
17242179
17197757
17096734
16968791
12530264
18290380
18030579
17597026
17578804
17374233
17227590
17204019
17024414
17132820
17122644
17096733
17090547
17352118
17023761
17099146
17040293
17021789
16455786
2224768
17041205
16919592
16855832
11762808
17102122
16972627
16886955
16790432
11484918
16930339
16903874
2168288
17044668
16959700
16855267
16830392
16826220
16792549
16670929
16621149
11199231
16953071
16912536
16878868
16877188
16652383
16834909
16723845
16689882
8169181
16888199
16856599
16670930
16614409
16800893
16730307
16537680
16633070
16386370
16725020
11358908
16641536
16620361
11383946
16610245
16552385
16508733
16428931
11095044
16538063
17013721
16608042
16448785
16394290
16467092
16456836
16278264
16735976
16282961
16247353
16047163
16997356
16944990
16610696
16538643
16484744
16421420
16505764
16195860
11433205
7999037
16438281
16405409
16536278
16253899
16253895
15994347
16334435
8793148
11824067
16222737
15956083
15803185
16181363
16078101
16039178
15998383
15992991
15935492
9227337
15800938
16061558
16042718
15979049
10654120
15897746
10862758
15965700
15927696
15896709
15870121
10950116
16001333
15986858
15810939
15945392
15887161
15777480
15743321
15807874
15801004
15627205
16648660
16398403
16323476
16110119
16045921
15879630
15805078
15784175
15701827
10842212
15582732
10765015
16422177
16088203
16012915
15980667
15823115
15816470
15816436
15804823
15774214
15737348
15732365
15679764
15621135
15743041
15534932
15648553
15387689
8810616
8903113
10331118
15476441
15381910
15381906
15513370
10672784
15517367
15304133
15232146
15290677
15239812
8839899
10999531
10953292
15249709
15229779
15226612
10524938
27239142
15468952
15100230
15153415
15116333
15206556
15086841
15082200
15112448
15027882
12114708
15153444
15153424
15132850
15072563
8639052
15125025
15016319
14989744
15832995
15223845
15179963
14576147
8611199
15000310
14756146
14720435
14686708
14663372
14629756
14624161
7559845
15663358
15628704
15627802
15329851
15239795
14745624
14655129
14607213
14752385
14663926
14521451
14696906
2555388
11370518
14507096
12932928
10366038
10356607
14580871
14521927
12772193
8883966
13679457
13678742
10075005
12824520
9785928
14514382
12953765
12915688
12895235
26680943
10192781
10084605
12853516
12819387
12676650
12741904
12718440
12657943
12638028
12727026
12719457
12704204
10095822
10071238
9930883
12637763
12701886
12655127
12677777
12539232
15072491
15058173
14655107
14641320
14533941
12921718
12733269
12719697
12612887
12588289
12403651
15058016
14598140
14523362
14507073
12918465
12221195
12454818
12447684
12384964
10189848
12688382
12475375
12408346
12354804
12237909
12167613
12417617
12404236
12481622
12438199
12438165
12438083
12220729
9681845
7688175
12229180
12131164
12147089
12126001
12584998
12167099
12165664
12001080
8568338
9600213
12114660
12009097
11966519
12094386
12004304
7832277
12039075
27002640
3632256
12018111
11929717
9852206
11812098
9646033
7657043
14651212
12575533
12375611
12192931
12056636
11975686
11800658
11790979
10022341
21315022
11850544
11803275
11876163
11590076
12622144
12392156
12224134
12187940
12056639
11817122
11730982
11727254
11793196
11688307
9466233
11740050
11679947
11600577
11598856
11588552
11587555
11505281
11481435
11473549
11759117
11684848
11549700
8134882
11442667
11442659
11420463
11333256
11506405
11406657
11384775
11467480
11408276
9466232
9186347
11422796
11352797
9178764
11411501
11353063
11342769
11320664
8053130
9192360
11350611
11253140
11164953
9385786
8047816
11873664
11501836
11452827
11407528
11374819
11319320
11173944
11173902
11403108
8797548
11832199
11428406
11193727
11118033
11762342
11551406
11465478
11374818
11321340
11297323
11261815
9198103
11107066
11215778
11093931
12935715
9474878
9197497
10966758
11494008
8951489
9008036
10972863
10903147
10960845
7840515
8186658
1974558
2186979
10931217
10923627
10859089
8109257
9117538
2294779
10931214
10869885
10869961
10881741
10838495
10871055
10844119
10820154
10839612
12114642
10822340
10699936
10694371
10663975
10770439
10747310
10932597
10716159
11109677
11020854
10974931
10926328
10774945
10674273
10654072
10641000
10633155
10634410
10776528
10672322
10639189
10617868
18601247
10730904
8631882
25905358
25905300
12114761
11059735
10982599
10672910
10632641
10632935
8608543
10506448
10536189
10517086
10421874
8839705
10496103
10524284
10502067
8491501
10386466
7493349
10446397
10469401
10433017
11038663
10587016
10385255
10221570
10218994
27519218
8442319
10223503
10096784
10208464
8234028
8525464
10100926
10235629
10668067
10552340
10491026
10473972
10374667
10093828
9892800
8532695
10204622
7552098
9861888
9851913
9843749
1337819
10592502
10552341
10521965
10477380
10473967
10442464
10408306
10399026
10026376
12114650
9890273
12114719
9823596
9802749
9769124
9737244
9733964
9790110
1331003
9894766
9857998
9778114
9769154
9716746
9749750
9744767
9706979
9672191
9666689
9650758
9701020
9669822
9665483
7776382
9600289
9591731
9702863
9681813
9681646
9659840
9655216
9713281
9610384
9600600
9569027
9568507
1317668
11244960
9565321
9506916
9586611
9563788
9535396
9535293
9613447
9462664
2246344
2745720
9673797
9566709
9521468
9506349
10461349
9869318
9690659
9608647
9586830
9591400
9515597
9559292
9369530
9430026
10388123
9697272
9625303
1400616
9416693
9408072
9396089
9294622
9364309
9239746
9298521
8169178
1448885
1337763
9416989
9299920
9279566
9349238
1718046
1705926
1700226
1970917
2628737
2570045
9379484
2167615
3131956
15001087
8120418
7847072
7741840
9100284
9147074
8196476
9348493
9403803
9351988
9251924
9157404
9006328
8986779
9113314
9030993
9017583
9466151
9589365
9058136
9018329
8898842
9388861
9388857
8985140
8946876
8886877
21594515
8970200
8950756
8885177
8863657
9118430
8897516
8893232
8843754
8780390
8908658
8869625
8841663
8818657
8698319
8396417
8703442
8793114
8651352
21544421
12114676
8691675
8604814
8604810
9395555
7689365
8733296
8721980
8617499
8608504
11091554
8615794
8774138
8726105
8685232
9005817
8693897
8953238
9082707
8813469
8813467
8767675
8745292
8544456
8522302
8953239
8927943
8740950
8615629
8581156
8845235
8823994
8808299
8640896
8596656
18407128
8458276
8598336
12114744
8868185
7672794
7477767
7612608
7584555
7476021
8630875
7613832
8606042
7771503
7769257
7558897
7622195
7580113
1640325
7729637
8601531
7723281
7744058
7771048
7651277
7553133
7731290
1376022
7701447
21224126
8597206
12114814
11322317
8673418
8590075
7538834
7487673
2228936
2773692
2611083
1580329
8562996
21224092
8719590
7900568
7890531
7576967
7535166
7868871
2325555
7524299
1737762
7959197
7654518
7596575
1530805
1352791
1348893
1310669
1913457
1987265
2384781
2344924
2745426
2756155
2747656
2472031
2851738
2844537
6084534
6147355
8017565
7932515
1656682
1854504
1664631
2159299
2188235
20504617
2662260
2819772
3704195
6527783
6375394
7033475
7397234
1248471
7910990
8165767
8045525
8005741
8082869
8044300
7516673
8130260
25939163
8135633
8008202
7855003
7525594
7511561
7941042
8205357
8680438
8242556
8313211
8105382
8237948
8362971
8239314
7690783
8104155
8391376
8325848
8148111
8322614
8507004
8473893
8100109
7686712
8453549
8097370
8472301
7902679
8316508
8305241
1332850
1330282
1397173
1525759
1384983
1384373
1417808
1392099
1335842
1285276
1449056
1397969
1325529
1304872
1498093
1609616
1604203
1322519
1536609
1370756
1561882
1341076
1617214
1346556
1313174
1304116
1413837
1539453
1364196
1337994
1723753
1721614
1924359
1662237
1757731
1746060
1654075
1651059
2060624
2019362
12106456
1854501
1768940
1678563
2267998
2173677
2166028
1696332
2091010
2322359
20504634
2175857
2166978
2166332
2123305
2085358
1966474
1705375
2551767
2671303
2696922
2742361
2503862
2495990
2564377
2748453
2922109
2472825
2472821
3223280
3058408
2457424
3408682
2898359
2830133
2903544
2430122
2426347
6387046
7105432
1091850
4630450
1668786
1754507
1712329
1661556
1942551
1908157
1882087
1891252
1672861
1981959
1701135
2177080
2387987
2198006
2170973
2163364
2165919
2364948
1974600
2187544
2281955
2156376
2117315
2110701
2583290
2679154
2513696
2481299
2756987
2549731
2656247
2464944
2675867
2537547
2479167
2472824
2466759
2463847
2851773
2470131
3244555
3354510
3286328
3042145
2460258
3678488
3737017
2878908
4045458
7057190
849474
18154471
