25815785
24622840
24600004
27234299
27333035
22394562
25526307
24198409
23542348
24349538
25297994
25968648
24131791
24560620
26199418
27742471
23746807
25810395
25704810
26468527
26235147
22579474
22394560
23519410
25790474
22312431
27043414
26915459
23264039
22312267
23604073
22387590
19926846
24631580
25636800
21947006
24119841
25299331
24743339
22869119
23585680
25385820
25007740
19776740
25877890
25592282
27707838
27078069
24590060
25526298
21892174
24970844
22745133
25692705
22000020
26900919
26819312
27422757
25765984
27764250
23142775
27076640
20215874
22023477
21820332
26121674
27409673
24727060
23912600
24116191
25811886
27141404
21074459
26344113
22345436
27721487
23189823
25625927
25625930
23962476
26048136
24049081
23251783
27696330
27343555
27168019
26920710
26811480
26259872
21625574
25907950
25605799
25002588
24509445
24335288
24332030
24185615
24237704
24154727
23160154
22927244
25953029
22901810
22607800
22924041
21586648
24489095
20871604
23419517
